1646.01716171
1749.02635171
1877.08493171
1976.15334171
2123.22175171
2237.26468171
2393.36579171
2490.41855171
2619.46114171
2718.52955171
2831.61361171
2946.64055171
3074.73551171
3145.77262171
3242.82538171
3405.88871171
3568.95204171
3668.02045171
3767.08886171
3880.17292171
3979.24133171
4092.32539171
4189.37815171
4303.42108171
4402.48949171
4515.57355171
4628.65761171
4759.69810171
4816.71956171
4917.76724171
5004.79927171
5151.86768171
5264.95174171
5378.99467171
5478.06308171
5575.11584171
5761.19515171
5832.23226171
5946.27519171
6083.33410171
6230.40251171
6386.50362171
6514.59858171
6615.64626171
6728.73032171
6829.77800171
6992.84133171
7093.88901171
7206.97307171
7308.02075171
7464.12186171
7577.20592171
7740.26925171
7877.32816171
8033.42927171
8146.51333171
8249.52252171
8396.59093171
8543.65934171
8614.69645171
8777.75978171
8890.84384171
9003.92790171
9060.94936171
9160.01777171
9288.11273171
9385.16549171
9456.20260171
9557.25028171
9670.33434171
9784.37727171
9940.47838171
10071.5188717
10208.5777817
10279.6148917
10378.6833017
10481.6924917
10578.7452517
10707.7878417
10804.8406017
10917.9246617
11016.9930717
11132.0200117
11219.0520417
11348.0946317
11435.1266617
11564.1692517
11750.2485617
11878.3435217
11965.3755517
12121.4766617
12258.5355717
12371.6196317
12474.6288217
12575.6765017
12703.7714617
12832.8140517
12988.9151617
13101.9992217
13217.0261617
13373.1272717
