972
497 868
883 21
414 930
679 97
826 643
916 116
21 9
865 181
10 255
228 16
19 2
277 38
644 23
640 107
31 22
14 57
963 254
47 336
234 586
609 219
285 69
159 720
176 442
277 683
130 305
537 360
304 408
80 194
25 148
169 176
543 904
445 765
73 17
381 692
319 146
360 191
14 8
45 39
16 6
234 851
248 504
701 577
329 524
21 113
10 634
25 246
155 123
26 539
332 949
175 47
482 422
300 457
221 474
30 456
240 17
242 75
558 85
705 871
730 194
843 750
30 59
35 26
686 951
144 840
70 414
33 142
91 167
52 205
445 785
954 42
65 3
82 273
7 8
148 377
269 637
357 19
670 896
919 552
103 595
27 14
194 441
823 216
503 489
704 964
955 264
55 89
650 380
654 945
407 376
942 761
230 386
804 299
12 8
707 87
229 50
337 293
120 22
677 947
265 204
102 227
17 76
822 326
351 171
44 3
29 79
662 500
343 420
870 872
89 237
294 667
220 487
813 889
629 728
30 714
43 696
432 220
27 211
466 414
397 271
868 936
58 169
64 33
372 196
402 252
630 494
101 224
479 231
199 755
413 927
315 86
206 105
158 790
87 254
46 4
10 90
258 33
37 13
47 510
529 631
191 98
654 567
18 5
618 801
543 154
365 355
923 499
28 261
676 819
569 854
24 436
651 14
649 475
770 856
847 348
61 700
703 355
295 29
255 281
52 97
163 96
258 403
572 4
43 130
388 557
2 5
250 844
22 4
419 812
578 372
632 774
813 912
40 238
922 125
33 546
15 289
685 485
458 309
239 461
97 477
496 670
218 349
195 401
395 96
848 90
123 183
618 252
876 844
138 141
251 229
523 240
435 490
633 924
376 132
148 355
637 934
671 259
648 197
961 352
263 292
464 98
159 110
164 84
2 43
326 206
55 215
290 204
620 749
619 421
182 111
500 562
11 32
182 767
178 53
463 404
690 766
100 92
148 284
468 658
258 875
742 458
13 49
689 886
507 779
555 301
293 283
718 110
928 203
406 198
473 594
57 553
509 339
312 327
709 475
763 142
156 87
933 505
13 12
267 551
123 116
620 371
944 875
51 67
970 103
436 834
348 272
323 77
549 893
66 99
82 291
534 877
665 729
715 832
361 373
120 318
313 128
269 274
442 873
387 178
540 131
43 94
223 966
230 921
670 952
472 308
122 98
268 52
330 574
35 95
271 249
492 745
6 625
105 204
11 80
535 137
13 42
621 906
12 171
646 151
763 813
836 509
67 125
683 913
374 465
741 623
21 209
549 89
155 898
114 867
792 687
2 366
890 286
139 838
69 87
497 910
143 75
926 332
561 652
574 612
244 70
342 773
417 206
19 223
725 366
816 900
136 6
414 770
715 509
678 495
370 895
2 4
119 591
719 178
671 752
645 581
355 356
659 156
905 859
104 26
733 65
647 586
455 333
660 695
351 374
745 795
850 211
200 178
223 588
324 519
536 771
390 573
399 948
9 30
342 212
869 576
173 159
196 61
462 96
892 19
857 115
273 643
811 18
874 731
28 48
394 79
597 176
269 119
149 554
371 579
460 815
329 286
176 350
331 264
259 965
160 496
450 161
459 207
470 424
364 570
322 6
160 217
375 116
333 440
109 481
410 746
544 301
139 35
45 81
271 802
564 437
648 859
361 283
3 1
37 278
40 26
791 753
217 732
34 354
152 383
616 508
381 901
4 88
153 197
265 743
602 694
46 565
340 762
816 366
479 484
182 533
206 547
371 285
181 633
134 65
585 317
451 275
545 231
855 668
611 495
261 279
86 144
94 105
201 76
141 208
769 759
657 580
789 39
688 96
784 373
85 754
42 62
282 138
99 115
72 193
78 73
706 8
161 184
390 62
22 25
453 421
429 580
467 7
48 119
805 149
328 38
394 525
204 627
104 187
567 300
335 111
226 829
70 61
156 219
552 417
534 665
735 512
12 74
228 710
213 62
398 697
903 669
530 661
581 535
796 586
672 662
618 957
150 699
585 737
864 553
185 341
870 127
531 151
152 100
76 203
112 62
592 372
689 182
211 296
111 317
212 106
355 861
639 569
2 116
75 234
384 165
66 103
34 198
62 216
81 960
330 803
4 102
817 570
529 64
495 305
559 220
45 56
343 297
668 666
360 421
642 862
367 76
911 856
239 969
106 753
471 105
137 181
660 655
161 143
247 310
287 232
365 682
846 367
698 530
66 858
87 424
677 931
501 240
42 71
201 518
82 78
341 468
239 220
348 885
119 666
432 888
362 19
4 172
381 33
785 839
968 202
937 316
582 337
837 594
653 452
393 476
132 78
357 676
486 227
37 61
140 7
958 440
21 301
205 294
100 663
195 183
894 482
44 158
179 584
590 429
133 71
500 481
626 98
2 1
535 538
601 213
221 83
160 5
310 391
164 297
177 70
154 150
233 7
658 899
47 6
140 680
860 657
469 381
442 606
512 772
63 810
226 209
241 825
450 787
328 433
340 712
775 477
157 59
8 259
396 352
84 52
782 648
264 363
280 5
17 379
943 465
339 61
675 130
568 59
26 53
938 633
320 86
47 131
5 129
41 3
17 412
16 34
314 109
1 431
599 374
409 41
225 171
111 10
63 29
33 72
404 259
505 105
430 50
925 689
488 918
77 882
243 237
454 10
257 18
134 411
447 119
5 493
249 136
68 480
262 516
474 613
263 180
636 536
28 448
371 382
522 265
216 422
307 215
413 179
907 139
731 956
744 542
9 427
528 448
256 58
112 799
600 198
236 180
5 222
276 166
190 135
277 485
312 71
217 541
24 499
309 86
478 134
351 513
806 365
67 106
794 715
216 739
164 270
86 27
527 461
656 514
761 9
260 238
571 309
776 391
193 429
558 756
458 704
127 79
126 77
86 192
515 556
323 400
452 335
577 543
331 721
48 85
352 378
186 53
32 302
448 517
96 114
677 328
808 694
264 415
197 218
764 458
737 780
93 16
308 18
490 818
550 360
20 150
425 207
116 304
365 684
506 131
79 841
624 160
316 115
105 162
390 520
275 576
187 298
4 11
153 51
897 959
580 809
313 321
146 69
389 168
563 155
695 891
189 107
207 150
230 215
393 336
263 748
41 419
290 842
768 118
6 247
514 411
494 270
587 297
866 38
971 738
788 279
94 283
437 759
264 338
37 722
7 5
32 168
160 686
560 197
5 10
86 108
92 72
223 492
781 793
155 418
604 405
887 49
717 361
621 635
502 747
265 786
881 153
201 253
364 369
142 166
703 909
68 21
15 23
345 36
634 824
306 575
740 284
52 26
24 690
21 449
295 750
211 939
354 967
80 101
28 359
849 844
920 681
941 537
368 239
120 488
797 763
377 845
38 12
827 505
715 821
235 64
610 629
437 113
115 705
55 40
149 388
711 929
417 502
641 226
713 880
152 180
830 172
724 426
312 642
571 628
311 245
674 553
66 29
478 798
962 911
179 123
443 263
327 498
462 526
655 521
3 17
429 617
169 248
247 473
603 97
28 33
702 210
470 731
391 723
61 91
358 125
511 52
664 415
312 669
241 12
618 632
30 232
97 460
392 240
199 51
491 351
691 47
107 534
220 173
833 679
708 47
20 54
432 435
60 48
24 11
117 170
273 512
35 39
433 807
615 127
83 33
623 382
897 61
36 20
39 673
583 17
734 53
107 33
44 299
334 257
51 1
96 92
593 485
581 946
608 504
660 902
562 783
760 879
262 103
330 309
26 14
380 228
914 727
50 24
625 800
758 161
373 828
117 23
602 473
726 124
150 286
626 638
73 138
2 306
332 423
853 624
67 272
346 85
687 661
69 48
122 445
589 197
25 405
228 614
165 398
220 489
12 303
596 505
598 474
434 409
11 110
633 760
548 515
110 908
242 532
149 915
515 181
438 46
192 475
16 118
736 690
185 7
765 820
707 878
549 738
316 610
521 258
852 342
267 63
884 609
151 80
344 164
89 439
29 147
11 28
128 126
278 332
108 325
265 607
811 953
87 364
149 34
385 307
370 446
301 333
51 174
561 79
50 109
474 711
508 130
3 58
380 507
679 863
105 210
778 255
252 156
15 4
269 681
98 17
145 713
566 271
177 275
724 917
935 852
441 940
103 135
41 428
109 231
127 245
3 9
214 57
75 72
148 410
621 693
